           1           0  0.43406395305467838     
           1           1  0.56593604694532162     
           2           0  0.25901123796073405     
           2           1  0.30811070480730612     
           2           2  0.43287805723195982     
           3           0   5.3557696990986392E-002
           3           1  0.22290788170578174     
           3           2  0.60035481771313781     
           3           3  0.12317960359009403     
           4           0   2.4985099221653460E-002
           4           1  0.13846548278521842     
           4           2  0.54301284973003294     
           4           3  0.19825485590070824     
           4           4   9.5281712362386931E-002
           5           0   1.6702841196533771E-002
           5           1   8.8528322208985433E-002
           5           2  0.38836757674168121     
           5           3  0.24365177799174242     
           5           4  0.21993162197888277     
           5           5   4.2817859882174389E-002
           6           0   1.0867040717786986E-002
           6           1   5.4457442517144010E-002
           6           2  0.25517376263644920     
           6           3  0.23674013226252033     
           6           4  0.27585658928942514     
           6           5  0.14809246152529734     
           6           6   1.8812571051377021E-002
           7           0   9.6900776807880198E-003
           7           1   3.8159686073516455E-002
           7           2  0.16232882197485385     
           7           3  0.20132938255786018     
           7           4  0.26127172259149517     
           7           5  0.21626491551213262     
           7           6  0.10170577400496517     
           7           7   9.2496196043885641E-003
           8           0   1.0495328298988865E-002
           8           1   3.3917829258927432E-002
           8           2  0.10162549596825803     
           8           3  0.15013439139895046     
           8           4  0.23128119800332778     
           8           5  0.22654550108793037     
           8           6  0.19237168821195444     
           8           7   4.7484960962498400E-002
           8           8   6.1436068091642133E-003
           9           0   1.8525665766113468E-002
           9           1   2.4700887688151294E-002
           9           2   6.5997684291779241E-002
           9           3  0.12466229255113856     
           9           4  0.18950212273253569     
           9           5  0.21188730219992280     
           9           6  0.22269394056348901     
           9           7  0.11038209185642608     
           9           8   2.5858741798533386E-002
           9           9   5.7892705519104592E-003
          10           0   1.5806111696522657E-002
          10           1   1.7913593256059009E-002
          10           2   6.0063224446786093E-002
          10           3  0.10115911485774499     
          10           4  0.16438356164383561     
          10           5  0.16122233930453109     
          10           6  0.23814541622760801     
          10           7  0.14436248682824027     
          10           8   7.2708113804004215E-002
          10           9   1.8967334035827187E-002
          10          10   5.2687038988408850E-003
          11           0   2.0057306590257881E-002
          11           1   2.0057306590257881E-002
          11           2   4.2979942693409739E-002
          11           3  0.11747851002865330     
          11           4  0.12034383954154727     
          11           5  0.14326647564469913     
          11           6  0.21776504297994270     
          11           7  0.17478510028653296     
          11           8   8.5959885386819479E-002
          11           9   3.1518624641833810E-002
          11          10   1.7191977077363897E-002
          11          11   8.5959885386819486E-003
          12           0   4.3165467625899283E-002
          12           1   7.1942446043165471E-003
          12           2   5.0359712230215826E-002
          12           3   6.4748201438848921E-002
          12           4  0.10071942446043165     
          12           5  0.12949640287769784     
          12           6  0.19424460431654678     
          12           7  0.17266187050359713     
          12           8  0.12949640287769784     
          12           9   3.5971223021582732E-002
          12          10   5.0359712230215826E-002
          12          11   1.4388489208633094E-002
          12          12   7.1942446043165471E-003
          13           0   0.0000000000000000     
          13           1   0.0000000000000000     
          13           2   6.1538461538461542E-002
          13           3   3.0769230769230771E-002
          13           4   7.6923076923076927E-002
          13           5  0.12307692307692308     
          13           6  0.16923076923076924     
          13           7  0.15384615384615385     
          13           8  0.15384615384615385     
          13           9   7.6923076923076927E-002
          13          10   4.6153846153846156E-002
          13          11   3.0769230769230771E-002
          13          12   6.1538461538461542E-002
          13          13   1.5384615384615385E-002
          14           0   6.5217391304347824E-002
          14           1   0.0000000000000000     
          14           2   2.1739130434782608E-002
          14           3   4.3478260869565216E-002
          14           4   8.6956521739130432E-002
          14           5  0.10869565217391304     
          14           6   8.6956521739130432E-002
          14           7  0.17391304347826086     
          14           8  0.10869565217391304     
          14           9   6.5217391304347824E-002
          14          10   6.5217391304347824E-002
          14          11   4.3478260869565216E-002
          14          12   6.5217391304347824E-002
          14          13   4.3478260869565216E-002
          14          14   2.1739130434782608E-002
          15           0   0.0000000000000000     
          15           1   0.0000000000000000     
          15           2   0.0000000000000000     
          15           3   0.0000000000000000     
          15           4   4.5454545454545456E-002
          15           5   0.0000000000000000     
          15           6  0.18181818181818182     
          15           7   4.5454545454545456E-002
          15           8  0.18181818181818182     
          15           9  0.13636363636363635     
          15          10   9.0909090909090912E-002
          15          11  0.13636363636363635     
          15          12   4.5454545454545456E-002
          15          13   0.0000000000000000     
          15          14  0.13636363636363635     
          15          15   0.0000000000000000     
          16           0   0.0000000000000000     
          16           1   0.0000000000000000     
          16           2   0.0000000000000000     
          16           3   0.0000000000000000     
          16           4   0.0000000000000000     
          16           5  0.10000000000000001     
          16           6  0.10000000000000001     
          16           7  0.10000000000000001     
          16           8  0.20000000000000001     
          16           9  0.20000000000000001     
          16          10   0.0000000000000000     
          16          11  0.20000000000000001     
          16          12   0.0000000000000000     
          16          13   0.0000000000000000     
          16          14  0.10000000000000001     
          16          15   0.0000000000000000     
          16          16   0.0000000000000000     
          17           0  0.11111111111111110     
          17           1   0.0000000000000000     
          17           2   0.0000000000000000     
          17           3   0.0000000000000000     
          17           4   0.0000000000000000     
          17           5  0.11111111111111110     
          17           6   0.0000000000000000     
          17           7   0.0000000000000000     
          17           8   0.0000000000000000     
          17           9   0.0000000000000000     
          17          10  0.22222222222222221     
          17          11   0.0000000000000000     
          17          12   0.0000000000000000     
          17          13   0.0000000000000000     
          17          14  0.11111111111111110     
          17          15  0.33333333333333331     
          17          16  0.11111111111111110     
          17          17   0.0000000000000000     
          18           0   0.0000000000000000     
          18           1   0.0000000000000000     
          18           2  0.25000000000000000     
          18           3   0.0000000000000000     
          18           4   0.0000000000000000     
          18           5   0.0000000000000000     
          18           6  0.12500000000000000     
          18           7   0.0000000000000000     
          18           8  0.12500000000000000     
          18           9   0.0000000000000000     
          18          10   0.0000000000000000     
          18          11   0.0000000000000000     
          18          12  0.25000000000000000     
          18          13   0.0000000000000000     
          18          14   0.0000000000000000     
          18          15  0.12500000000000000     
          18          16   0.0000000000000000     
          18          17  0.12500000000000000     
          18          18   0.0000000000000000     
          19           0   0.0000000000000000     
          19           1   0.0000000000000000     
          19           2   0.0000000000000000     
          19           3   0.0000000000000000     
          19           4   0.0000000000000000     
          19           5   0.0000000000000000     
          19           6   0.0000000000000000     
          19           7   0.0000000000000000     
          19           8   0.0000000000000000     
          19           9   0.0000000000000000     
          19          10  0.50000000000000000     
          19          11   0.0000000000000000     
          19          12   0.0000000000000000     
          19          13   0.0000000000000000     
          19          14  0.50000000000000000     
          19          15   0.0000000000000000     
          19          16   0.0000000000000000     
          19          17   0.0000000000000000     
          19          18   0.0000000000000000     
          19          19   0.0000000000000000     
          20           0   0.0000000000000000     
          20           1   0.0000000000000000     
          20           2   0.0000000000000000     
          20           3   0.0000000000000000     
          20           4   0.0000000000000000     
          20           5   0.0000000000000000     
          20           6   0.0000000000000000     
          20           7   0.0000000000000000     
          20           8   0.0000000000000000     
          20           9  0.33333333333333331     
          20          10  0.33333333333333331     
          20          11   0.0000000000000000     
          20          12   0.0000000000000000     
          20          13   0.0000000000000000     
          20          14   0.0000000000000000     
          20          15   0.0000000000000000     
          20          16   0.0000000000000000     
          20          17   0.0000000000000000     
          20          18   0.0000000000000000     
          20          19   0.0000000000000000     
          20          20  0.33333333333333331     
