           1           0  0.59836716286238756     
           1           1  0.40163283713762671     
           2           0  0.47757661873115476     
           2           1  0.30884623435822545     
           2           2  0.21357714691063528     
           3           0  0.20090439220244238     
           3           1  0.41306138838273354     
           3           2  0.34273443646429369     
           3           3   4.3299782950538920E-002
           4           0  0.11618895366454653     
           4           1  0.35649268852141125     
           4           2  0.43332986145139707     
           4           3   7.7266807136827625E-002
           4           4   1.6721689225817567E-002
           5           0  0.14282046679861937     
           5           1  0.32916688590429521     
           5           2  0.36708488152787366     
           5           3  0.11763396250510889     
           5           4   3.6200143993952522E-002
           5           5   7.0936592701544591E-003
           6           0  0.17506313636607035     
           6           1  0.29876873889525546     
           6           2  0.30378031541005224     
           6           3  0.14547378745426667     
           6           4   5.4732883238287074E-002
           6           5   1.7380036866194139E-002
           6           6   4.8011017698696761E-003
           7           0  0.17885372016126588     
           7           1  0.30085359794416150     
           7           2  0.27373025389415900     
           7           3  0.14807250022294899     
           7           4   7.4889934428148078E-002
           7           5   1.8133045194632890E-002
           7           6   4.9307907856940315E-003
           7           7   5.3615736898963355E-004
           8           0  0.20801442574022369     
           8           1  0.31225371415076658     
           8           2  0.22277556065556495     
           8           3  0.14646384709016841     
           8           4   7.4571932112094702E-002
           8           5   1.7141557914623840E-002
           8           6   1.7235141826732848E-002
           8           7   5.3386795498425405E-004
           8           8   1.0099525548408006E-003
           9           0  0.19552698964863333     
           9           1  0.37083590003744393     
           9           2  0.20578776678624489     
           9           3  0.11176637557222409     
           9           4   5.2741239989853986E-002
           9           5   2.4419924871060872E-002
           9           6   3.5826659902646434E-002
           9           7   5.5410612264618147E-004
           9           8   2.3507989998912933E-003
           9           9   1.9023806935536478E-004
          10           0  0.26891477102260936     
          10           1  0.24413228608134410     
          10           2  0.15357217038102641     
          10           3  0.19156326207198968     
          10           4   5.7715534152364419E-002
          10           5   3.7583371156464686E-002
          10           6   4.6518605134201620E-002
          10           7   0.0000000000000000     
          10           8   0.0000000000000000     
          10           9   0.0000000000000000     
          10          10   0.0000000000000000     
          11           0  0.31108024114195149     
          11           1  0.15847870417367921     
          11           2  0.21696542266627489     
          11           3  0.15381258960453792     
          11           4   6.2289067578518077E-002
          11           5   5.5289895724806110E-002
          11           6   2.2742856125165856E-002
          11           7   1.2716052680789680E-002
          11           8   6.6251703042769765E-003
          11           9   0.0000000000000000     
          11          10   0.0000000000000000     
          11          11   0.0000000000000000     
          12           0   6.7939953485094101E-002
          12           1  0.33927690464444293     
          12           2  0.20602814386731508     
          12           3  0.33309840956609582     
          12           4   1.7125942631616042E-002
          12           5   0.0000000000000000     
          12           6   2.4197148025465739E-002
          12           7   0.0000000000000000     
          12           8   1.2333497779970401E-002
          12           9   0.0000000000000000     
          12          10   0.0000000000000000     
          12          11   0.0000000000000000     
          12          12   0.0000000000000000     
          13           0   5.4562858966177415E-002
          13           1  0.60331844288449277     
          13           2  0.12188895979578815     
          13           3   7.6898532227185720E-002
          13           4   1.0465858328015316E-002
          13           5   0.0000000000000000     
          13           6   5.1052967453733250E-002
          13           7   0.0000000000000000     
          13           8   0.0000000000000000     
          13           9   7.4537332482450550E-002
          13          10   7.2750478621569879E-003
          13          11   0.0000000000000000     
          13          12   0.0000000000000000     
          13          13   0.0000000000000000     
          14           0  0.24300867888138861     
          14           1  0.20607521697203474     
          14           2   4.5998071359691417E-002
          14           3  0.15380906460945035     
          14           4  0.24493731918997111     
          14           5  0.10617164898746385     
          14           6   0.0000000000000000     
          14           7   0.0000000000000000     
          14           8   0.0000000000000000     
          14           9   0.0000000000000000     
          14          10   0.0000000000000000     
          14          11   0.0000000000000000     
          14          12   0.0000000000000000     
          14          13   0.0000000000000000     
          14          14   0.0000000000000000     
          15           0  0.29434409238969500     
          15           1  0.70565590761030506     
          15           2   0.0000000000000000     
          15           3   0.0000000000000000     
          15           4   0.0000000000000000     
          15           5   0.0000000000000000     
          15           6   0.0000000000000000     
          15           7   0.0000000000000000     
          15           8   0.0000000000000000     
          15           9   0.0000000000000000     
          15          10   0.0000000000000000     
          15          11   0.0000000000000000     
          15          12   0.0000000000000000     
          15          13   0.0000000000000000     
          15          14   0.0000000000000000     
          15          15   0.0000000000000000     
          16           0  0.20511811023622048     
          16           1   0.0000000000000000     
          16           2  0.75925196850393695     
          16           3   0.0000000000000000     
          16           4   0.0000000000000000     
          16           5   0.0000000000000000     
          16           6   0.0000000000000000     
          16           7   3.5629921259842524E-002
          16           8   0.0000000000000000     
          16           9   0.0000000000000000     
          16          10   0.0000000000000000     
          16          11   0.0000000000000000     
          16          12   0.0000000000000000     
          16          13   0.0000000000000000     
          16          14   0.0000000000000000     
          16          15   0.0000000000000000     
          16          16   0.0000000000000000     
          18           0   0.0000000000000000     
          18           1   0.0000000000000000     
          18           2   1.0000000000000000     
          18           3   0.0000000000000000     
          18           4   0.0000000000000000     
          18           5   0.0000000000000000     
          18           6   0.0000000000000000     
          18           7   0.0000000000000000     
          18           8   0.0000000000000000     
          18           9   0.0000000000000000     
          18          10   0.0000000000000000     
          18          11   0.0000000000000000     
          18          12   0.0000000000000000     
          18          13   0.0000000000000000     
          18          14   0.0000000000000000     
          18          15   0.0000000000000000     
          18          16   0.0000000000000000     
          18          17   0.0000000000000000     
          18          18   0.0000000000000000     
          19           0  0.21428571428571430     
          19           1   0.0000000000000000     
          19           2  0.78571428571428581     
          19           3   0.0000000000000000     
          19           4   0.0000000000000000     
          19           5   0.0000000000000000     
          19           6   0.0000000000000000     
          19           7   0.0000000000000000     
          19           8   0.0000000000000000     
          19           9   0.0000000000000000     
          19          10   0.0000000000000000     
          19          11   0.0000000000000000     
          19          12   0.0000000000000000     
          19          13   0.0000000000000000     
          19          14   0.0000000000000000     
          19          15   0.0000000000000000     
          19          16   0.0000000000000000     
          19          17   0.0000000000000000     
          19          18   0.0000000000000000     
          19          19   0.0000000000000000     
